480604181613153693
5680519707671252451
13016126258231215997
2768891787792067213
14817510909701213406
14198390392298245840
7205795107228334403
5434348262883859000
17281477583074560859
10151534552652491358
8254697492792340289
12412861312283377620
11926424219521619799
12884658342597445016
1879064933324107303
15921532954798316750
5618217174712862186
1636121710021447406
4699063862646086612
5984926447889374946
15172445855294190836
17346013386575366514
12440699974482646153
10970760747142499724
2036103400951746695
10430052664608158840
3369217829809644472
18065947661702255587
6078445944835408463
18017139757995036617
12750535224764473269
6314499094396392336
9789376583919182496
10987203695478596553
7613098262339573055
199057101012992147
18325290250999405838
3492469437441115310
16177501592008491498
4001041980790475872
1042692182988543064
b36d739e5f3187eea447c72883d568fd
14954278535866762424
3136911470354531551
7838860221554878142
11446673340309325834
4244112697541675905
17092629720176441172
da91907fc06f7265ce14e0f5ecef881
11621262906739291933
4777528291804108106
5559493163672953260
207950344729808958
ddf1398f67049a387200a662fb5966ba
3469314107818190283
9674823878761284737
f1f4523186c603dcdda514432a0d9158
2305953910318018828
8877826622964435265
15783291925226266668
4257270056053004015
6958416381968277445
4246735952745635362
297a0c96bc43c49b06a62504973af84c
13583584461733590426
10755148690298972126
14138404312546869696
10870833198429780968
4774604430491764237
4596326472739479633
6656867517991320572
12041006160347709930
14950116763454956609
1631231031743678035
356158660562279081
10948196528529272707
6179639794735792268
e2938b086c81cf2606e4bd5976c57235
17784500337716305533
8584757492144153821
13203273137387840871
2999918015350439217
17614719585517836521
10520654472332114603
16029080075788417340
13108834261411770917
3220701687493395303
13449635f3095cc0a7491bcaa11c9eb5
13443865958562313610
5653195812317178401
10503640485383225508
11556268931938439440
2610722164823401236
95dad3649151e8c7906097252cb200be
10386951761120887857
15794191584265602614
6947913200808405282
8999437994196293062
11021247239387126276
17259279288015542168
5912429558508703177
16145522964484803984
73fa734f676ed21994892e123419a1aa
13361542902277157563
9516882001730828910
15608854798728901149
6068574196472014291
49a3cca479f919f7e2eecd46ba03f18c
e6034a08361a8aa901a2fedfa4dce3b
9135401c2a182f1faf7db7f83be9269e
71bbfa3e3c91515732e97c3395f2446d
9718224194265069144
eedd350c1c345cc7a33a6fb3c843434b
cc4610d83858753b037c801400f515e9
15541794644538864372
9347ffc68a4548e943cf4525ed949c56
88e69bec924183d8cfc1694794a54455
2c3333350ff7fe82eb92326dbc5a8343
1fac7a0e630aca898bbfcdd08fabe961
14178673755850035546
e2f570423622e17c7b94a0bd0303be1f
a1900c8f0e34ba9617212d04b785f1f2
5556036992137702668
28b892a252632fc59b435345b4f24c6a
b0f4eb8b70fdea495ad8e79bf7d2878b
a3dba33972905c78edc7a0614342a055
4a910c4d69c595b6d5c2721cf791704d
6ffd11a7535aa71e8bd96e2a8438161f
32704883a52c516fe88cfe2543b8793d
c008a47de3341cbf1cec5f37c16afe8a
630c3c1fd533b475f3bd8643be56855b
cc88f4838f5472d797162816525df637
6c21d7c6a992585458d76541ac7328e
67c42368dbea779f36e94c82d64e8b5e
12124067154144869908
18333910997658512402
b3084eb0f2e1f9fc9a84cfe203444ac3
10669194327302401006
a2f88d5ab87629e46391a14e851baaa0
8920a0dca660b4de24989789419040d0
76f80dd60d857d87ef1f053496fc1821
b1305cdd6b198284c6138fcd6ae4886f
c29920310d816cb8c6d7c32ddeb74426
c506b6f7c02543fabeb982fd406dda6b
cb802a7b53bd04677f632dbc5c7efd18
69c30c8d5e01aaf82d72b3e5d457a325
7272698842840182778
af5d5e61fc239e7bc20845a7ea6f868
13104629854399997016
a7f2499c07431ce93dda75689059ca9f
525cfb4e952ed2040664b30d4d18580f
3633852058906365898
6520339913711430772
14133948743658414510
2c9dfc307d5c83a8dd5013da6ac969f0
9821149884919752854
12938462621711062726
2451894316101588135
875259389457378928
10371868144541985161
11874732748150701975
17548287312005733056
17591370183096096748
3960050646685267161
17861599165324114922
11512276038777726519
9466797336255776346
16751907249449052266
15946210378314886776
2964558319508447851
2325436810252348399
17429552170789960129
12125784661527187581
12308346969947379602
9047000191502040228
8791430520893620478
11773818262460943534
8907788636616444001
17322925731571151656
11754774816133914731
12213856392806142261
8643095593164647527
13444704245572892424
12537545664770343750
12547921473810742519
12850134514334640470
8055778246453368536
11703829924370571030
17573046711577141589
15105908452061857335
4117092961177116291
3348342077659161193
6207847524522671663
7654110745444903992
13351543309124393673
15731961713592405790
1056928670469974029
11793270943335100104
4613727233318672247
5088534581942862282
13159914788299245104
3186422411496792463
6609885515635822475
12929480697175245848
16456899289897394777
15306873125351765021
9080341327471553837
14923883194495867925
9267780295697823234
15137939574581789583
12866679176397116854
2980282640739128821
3140841167294297979
13376476930900514844
8427912446708508364
3803399066106195372
16401128515427511823
7122633757601724173
12666018646569633770
911664501564355968
12494300043652991895
3716712199382672120
946018607507967448
5270701338302942991
6786380292256834507
4730217778601012084
9f013bb1fa3222816a74b0ce6cd076b8
d3ae9fa83749bb0d49cf377181fc7000
d216865c5292e5395d4b3ed2be0c4fbf
95ec197bda3f6063e0830f19eb1ea9d0
f5b5528811160492fdbda0276126c024
5fafe30ef9b509e17aa4cb3c4ac2432f
5c9e45bebc8679f53e878e309ba1218f
1479240847393204011
9055263122838778100
8115614470879371282
15941200544319960943
11619874356085575617
11947125996355802600
9272390011886656089
10590419535208261705
17617756295375637730
13598415209206155272
5570190545738416517
3503293220075342146
13616625207942579892
16523885828266638376
6880795284458473500
5239959167856611706
12378906362028415651
1452953562818154128
12017306725415636169
7932106075041353004
8347887615065805421
12895023700217504488
12382760887107677506
1657009719460706003
14878995176060583154
8936309167481865838
10667604468364060721
16963383541113119838
17166447925880677753
11139898914057322454
12298939580228515010
5801416508326013062
691600efc109f66a34b42e744c1a94f0
5040674813321038506
3863330030684067428
14497459333072564120
9967678201400674582
6773449812528531006
2002439975780784871
1464019828488724259
a2686851fb08c4cc0bfe2178102db951
f6e446ac740240c40da061310559b292
5290075768011449057
4887373222093342322
ce8f3231bc015ff94eedf5ef5cee23fb
12727882769221521191
9645330052895014933
16238689046636076300
14000298514891905504
746466033575332485
10307937497649959568
3fb20486820209dfe653cdd949f30299
10023936558530442420
2c7e7b840ab9683f7ae782fd933a7d4a
247aea054c0ee0327d15b3f11b5dd943
6e80d2c47c4ed576f68290e7757868f0
1574398416009541551
11995874578710510095
8750753319430020988
94e57eb2a219398728ab8ba895acf9e5
14556792210715622716
482402277739851513
11385396130763420296
568037045804733656
18067698762439085170
7983745845736323815
15949072560434705647
1213939474804579798
15971712673171099023
7396599253353853529
16289592873577326104
14302672516830334768
5678915102142986730
13177714475364809858
2112119863012824985
4254147825792286061
de35a8afb6bfeea1bdc5b6fe49059813
8227678833096416272
12288226543848164915
13808834353403430099
16986256465740919702
1527982042581820614
6343132563689194829
16207745822015386703
10388667388998919914
963768809529433092
9502956134713648853
12094654903452998366
1185021245022207357
6283901294717629628
5551763936800573038
75b5d73175dac5e6b9cd5af409eb6e15
2820053835759677968
2974222033341634612
8110090762508490592
36d7d8542e790c0db4265ddccb0d48cd
1e97cdff9138d7f21fc9267eb37b676c
9e904b84a9a70f575e981cfc31f78ed4
44e5cae6c2fda3702ecf9a833f91b429
412029111cb4543565023ca5d4c6d11c
3026ca29146611617e05e321600aaf3f
e92f185b1d91aae8150a9ecb9ad64abf
ac6f3ccab91803ff27d7fb0f2c27eb73
ecb0701fef2c709009b4f448e036af06
e89a2ae0999b6358925df793745c531
3707baca633c5cccb565a90452b074c9
4ba0cf54d4e41ac1b7d5e73d79549c68
7ab6dc32dca96be67fc2d577b6eeb64c
ae528415f83baca55a393b9552a240f8
5d76b25142bfc17ab4596a4d13459ca6
51680223b7de7ec84b51dc9a51c52b38
7ca71ac5d164067a951d2e5c7f226fc1
4fe39896504ef94c334d20cb5f990965
ee670bfc6ddcaf5093f5216c3a27d22a
bfc1201a9f509415480832c1bb076dc2
fcd3c0ee1d3f4795cd30c2799428507
81a8077fd2dae33836b2c0bb2894e7d7
fa2e5e3b02b467c5b5f02137b3fe09d7
7ea11e846128aea82f128c9b6e152c94
fa003d678f150018b66ee7722cf6d1ca
47720c5ce545f6e257f027f8559418b8
b2aa1a8d8ecd224b835d187eba0bafce
df630d736c4bcfe10052ed4971fc67c2
570881c08ea65f031f1ae02a8a1b2f68
c2a17c058413bbad798fbdf7387fac09
d3e6b9b2e6fe55bcab673057e190e82c
dec8d19c4fd456caae1ba785881d9419
d2fddc8dcabfc26d551492f1682ac1f4
717253461c4db933a1d4d5a6f79a9585
4af139f08ad9fa91edd693a995525093
3439b76c89282dadba8d72bf6e1091b9
3cc22ee29faeb1f88678172e3580169b
d7243e4bcc79b77d9836761ab911478c
ed7eeb660485b7331003f7775a397004
4d9fbd4e54a52cd3a816b5de9d3f385d
8bbe6f26dd861f875e9da0b05753aa7
597542ce10d7da1dc57063d3e2b0eacf
3fb1d8dfe3d1f1a736309548379fa8b3
3adb958768d10e087f318860c3552e53
20d09b6f05a4155c403c49e42b3918f0
c6aca413a9f054cc9fb1a7b788e8e855
9410794179144343702
14819540093924744456
12813875667693461525
7833836230118043061
17061596236968583998
9677756083268455895
5796580242742729660
15090815292607871240
9875217916125278763
10bee388f4a7e5834ca807240b0ddf4b
5800867311117575392
8851629998784417471
7481779408865365145
16847481250324491724
17238018999084429581
b8df5c0073e9cc930850bf7c175ad6fc
16923467952436143015
8362826351828825087
8794481172032979216
18348015637441004816
e47c7e8169eb66e217385fb8ca14c088
f18b3c4dd821bb10acf9700f7f17e8ac
1531526806337447631
6009156749090546607
11767279525362412902
4601406337160575524
13227372165268306933
12693548162402959756
c111bfaae0f58238d848742eaa6e07d2
3800154246956590317
13372311372410136237
bc50c697f40fe52ed6457f7ec140ecb8
ad06c8947ae0330530d69ea13dbb0c46
6d322cd847df43f2636183d91c946cb2
a9a0f644c36d4554c1a329c2f6395125
422e4c7fa947a2c67a5f3cbb5ce1dd61
60902f41a02713fe8f69cf20e5272b30
13711913594309760306
602069ca10286b6cb35a441e2f50bf0a
5733072900241141041
904597665168557817
8c7f8e3a777c2c851b29005053f6b37d
13484381473217114639
9941087608676516516
7055158600627179107
2577620748261522555
7605c867c4b24602481287698d6a57b5
8786132768557811734
11916447193879051189
11208952941045839933
d897bc706dfd22d6977f94bf513d650d
1155490620940983400
3927336026342535187
50d43ac2edd105acc2f3dd27a3f89f7d
4395484237900433375
12561873826043898789
6166072948908210713
5178287081129423789
6347142543511269762
2340600689147915979
bf35c127bc5c226b7014f3cbb48cd0d3
831f627cb06cb29687f63f0c35551205
15622803546746278062
3551962342908689294
8422401582526793650
8449600099483914217
16764302296790793288
4781922103321455509
17429495249145815331
12881272616687903744
17034408322946736983
a347224fc879fa3ff692e996d3ebc8ae
13366807907856598126
17764646277916293097
1178038086740859843
daf6ff6b0b34b7de4adaa1e170e3d99b
14734908615539204029
4652773004182919035
8566355507751492394
16720587277114481917
2511561409177005300
12139230682136140379
8312359647055888307
3897752522589381976
482165607659389496
12304988636299822884
25601477887622945
1205036314168619843
817007386347111263
3703917662393238539
4149729170845317739
3701062711171616313
4589986392077207171
8527371886349547413
5442377335657269541
12450719621303624609
17028838969182661671
7276109578027128348
7926662252213588550
10932084811022874750
18233080163673465153
6205714689181825610
2854910309230616064
7723354809943408389
7995574425376179113
13556355866894425222
4245666708619245000
3200357748551199252
8818084218485394148
11947062695455535306
13509178331638261369
751430638206168356
6022819251459360700
1653831828391703419
47e95a8fff5133b9b2c83c0354c0dd24
9027434868267373282
1916843696751721109
17938153420901311612
9051065598451461544
16970836750068880395
16489576912621229382
d3b58d3f52707d233376e4b38bedcbd6
12489614005608467205
7133362158973081313
10923918505980797867
8ada685f2fda0516f1bc52313b69201d
15928591800696498753
5537249393494455827
6682283100830108688
8979249833858077462
8905469326550605719
6251451507822755425
163221648729987128
bbfda806c0722524ed2f75bae1201bce
d4a312c5fb44ea361718cce8c1c2013d
7391613555443291808
90ddb771656f7cc4447b505734ade2ff
4671420421077182141
4061523374141050955
15346992428359239506
